chr1	1009311	1009316	10
chr1	1013053	1013058	10
chr1	1021367	1021372	10
chr1	1025229	1025234	10
chr1	1027578	1027583	10
chr1	1030031	1030036	10
chr1	1032658	1032663	10
chr1	1033452	1033457	10
chr1	1034660	1034665	10
chr1	1035026	1035031	10
chr1	103579	103584	10
chr1	1037501	1037506	10
chr1	1038785	1038790	10
chr1	1041942	1041947	10
chr1	1048810	1048815	10
chr1	1054646	1054651	10
chr1	1060195	1060200	10
chr1	1060745	1060750	10
chr1	1073137	1073142	10
chr1	1082252	1082257	10
chr1	1092531	1092536	10
chr1	1097474	1097479	10
chr1	1099282	1099287	10
chr1	1099498	1099503	10
chr1	1099603	1099608	10
chr1	1109926	1109931	10
chr1	1112298	1112303	10
chr1	1120306	1120311	10
chr1	1129022	1129027	10
chr1	1132619	1132624	10
chr1	1133291	1133296	10
chr1	1134518	1134523	10
chr1	1135919	1135924	10
chr1	1138591	1138596	10
chr1	1139501	1139506	10
chr1	1145021	1145026	10
chr1	1157534	1157539	10
chr1	1159722	1159727	10
chr1	1171969	1171974	10
chr1	1176499	1176504	10
chr1	1179362	1179367	10
chr1	1179437	1179442	10
chr1	117946	117951	10
chr1	118248	118253	10
chr1	1185599	1185604	10
chr1	1185640	1185645	10
chr1	1191906	1191911	10
chr1	1193050	1193055	10
chr1	1193590	1193595	10
chr1	1198863	1198868	10
chr1	1199380	1199385	10
chr1	1199907	1199912	10
chr1	1205684	1205689	10
chr1	1209404	1209409	10
chr1	1210178	1210183	10
chr1	1212332	1212337	10
chr1	1219607	1219612	10
chr1	1226073	1226078	10
chr1	1226810	1226815	10
chr1	1228432	1228437	10
chr1	1231046	1231051	10
chr1	1233396	1233401	10
chr1	1233735	1233740	10
chr1	1234745	1234750	10
chr1	1236000	1236005	10
chr1	1237717	1237722	10
chr1	1242841	1242846	10
chr1	1257844	1257849	10
chr1	1259697	1259702	10
chr1	1271237	1271242	10
chr1	1274401	1274406	10
chr1	1275574	1275579	10
chr1	1277742	1277747	10
chr1	1285197	1285202	10
chr1	1285412	1285417	10
chr1	1288093	1288098	10
chr1	1289233	1289238	10
chr1	1295414	1295419	10
chr1	1298812	1298817	10
chr1	130545	130550	10
chr1	130657	130662	10
chr1	1310765	1310770	10
chr1	1310972	1310977	10
chr1	1312293	1312298	10
chr1	13142	13147	10
chr1	1317470	1317475	10
chr1	1318608	1318613	10
chr1	1322201	1322206	10
chr1	1322519	1322524	10
chr1	1322818	1322823	10
chr1	1323229	1323234	10
chr1	1328206	1328211	10
chr1	1329323	1329328	10
chr1	132945	132950	10
chr1	1333168	1333173	10
chr1	1335746	1335751	10
chr1	1336505	1336510	10
chr1	1337104	1337109	10
chr1	1340821	1340826	10
chr1	1342866	1342871	10
chr1	1344864	1344869	10
chr1	1347134	1347139	10
chr1	1348512	1348517	10
chr1	1348677	1348682	10
chr1	1356569	1356574	10
chr1	1359401	1359406	10
chr1	1362078	1362083	10
chr1	1365741	1365746	10
chr1	1366779	1366784	10
chr1	1375763	1375768	10
chr1	1376685	1376690	10
chr1	1380368	1380373	10
chr1	1381346	1381351	10
chr1	1381917	1381922	10
chr1	1384277	1384282	10
chr1	1391204	1391209	10
chr1	1400090	1400095	10
chr1	1405364	1405369	10
chr1	1410808	1410813	10
chr1	1420072	1420077	10
chr1	1428720	1428725	10
chr1	1437592	1437597	10
chr1	1438855	1438860	10
chr1	1448361	1448366	10
chr1	1448472	1448477	10
chr1	145696	145701	10
chr1	145772	145777	10
chr1	1458135	1458140	10
chr1	146019	146024	10
chr1	14613	14618	10
chr1	1475027	1475032	10
chr1	148229	148234	10
chr1	1488054	1488059	10
chr1	1493092	1493097	10
chr1	1494705	1494710	10
chr1	1505230	1505235	10
chr1	1509335	1509340	10
chr1	1515722	1515727	10
chr1	1516086	1516091	10
chr1	1517177	1517182	10
chr1	1518043	1518048	10
chr1	1522926	1522931	10
chr1	1524670	1524675	10
chr1	1526378	1526383	10
chr1	1527042	1527047	10
chr1	1527846	1527851	10
chr1	152890	152895	10
chr1	1531349	1531354	10
chr1	1533703	1533708	10
chr1	1534495	1534500	10
chr1	1538427	1538432	10
chr1	1540313	1540318	10
chr1	154187	154192	10
chr1	1548951	1548956	10
chr1	155500	155505	10
chr1	1556202	1556207	10
chr1	1556697	1556702	10
chr1	1557668	1557673	10
chr1	155950	155955	10
chr1	156283	156288	10
chr1	1565345	1565350	10
chr1	1573203	1573208	10
chr1	157563	157568	10
chr1	1593249	1593254	10
chr1	1602486	1602491	10
chr1	1602664	1602669	10
chr1	1609031	1609036	10
chr1	1612674	1612679	10
chr1	1622092	1622097	10
chr1	1624652	1624657	10
chr1	162703	162708	10
chr1	1627130	1627135	10
chr1	1628709	1628714	10
chr1	1632607	1632612	10
chr1	1633739	1633744	10
chr1	1634680	1634685	10
chr1	1635178	1635183	10
chr1	1635785	1635790	10
chr1	1638271	1638276	10
chr1	1639604	1639609	10
chr1	164741	164746	10
chr1	1669612	1669617	10
chr1	1673445	1673450	10
chr1	167657	167662	10
chr1	167877	167882	10
chr1	1683110	1683115	10
chr1	1706005	1706010	10
chr1	1711828	1711833	10
chr1	1721693	1721698	10
chr1	1722560	1722565	10
chr1	1727163	1727168	10
chr1	172784	172789	10
chr1	1730978	1730983	10
chr1	1731271	1731276	10
chr1	173300	173305	10
chr1	1734827	1734832	10
chr1	1735910	1735915	10
chr1	1737611	1737616	10
chr1	1743520	1743525	10
chr1	1745251	1745256	10
chr1	1752516	1752521	10
chr1	1753208	1753213	10
chr1	1771472	1771477	10
chr1	1778384	1778389	10
chr1	1781890	1781895	10
chr1	1788622	1788627	10
chr1	1789662	1789667	10
chr1	1790996	1791001	10
chr1	179157	179162	10
chr1	1795070	1795075	10
chr1	1798276	1798281	10
chr1	1798678	1798683	10
chr1	1819907	1819912	10
chr1	1820527	1820532	10
chr1	1833590	1833595	10
chr1	1838582	1838587	10
chr1	1848192	1848197	10
chr1	1850626	1850631	10
chr1	185202	185207	10
chr1	1853039	1853044	10
chr1	185793	185798	10
chr1	18593	18598	10
chr1	1860174	1860179	10
chr1	1864828	1864833	10
chr1	1866493	1866498	10
chr1	1873617	1873622	10
chr1	1876047	1876052	10
chr1	1882966	1882971	10
chr1	1883786	1883791	10
chr1	1886812	1886817	10
chr1	1898467	1898472	10
chr1	1899655	1899660	10
chr1	1904760	1904765	10
chr1	191851	191856	10
chr1	1919241	1919246	10
chr1	1923932	1923937	10
chr1	19251	19256	10
chr1	193261	193266	10
chr1	1935018	1935023	10
chr1	1935274	1935279	10
chr1	1942849	1942854	10
chr1	1954359	1954364	10
chr1	1961802	1961807	10
chr1	1961895	1961900	10
chr1	1965340	1965345	10
chr1	197428	197433	10
chr1	1978252	1978257	10
chr1	1981323	1981328	10
chr1	1986212	1986217	10
chr1	1987727	1987732	10
chr1	1990441	1990446	10
chr1	1992346	1992351	10
chr1	1995986	1995991	10
chr1	1996103	1996108	10
chr1	2016670	2016675	10
chr1	201708	201713	10
chr1	2021855	2021860	10
chr1	2023807	2023812	10
chr1	2031328	2031333	10
chr1	2031816	2031821	10
chr1	2035790	2035795	10
chr1	2040911	2040916	10
chr1	2058361	2058366	10
chr1	2065635	2065640	10
chr1	2065733	2065738	10
chr1	2075484	2075489	10
chr1	207601	207606	10
chr1	2087447	2087452	10
chr1	2092289	2092294	10
chr1	2095665	2095670	10
chr1	2097623	2097628	10
chr1	2103200	2103205	10
chr1	2105252	2105257	10
chr1	2119394	2119399	10
chr1	2120302	2120307	10
chr1	212051	212056	10
chr1	2121463	2121468	10
chr1	2127604	2127609	10
chr1	2129240	2129245	10
chr1	2136824	2136829	10
chr1	2140954	2140959	10
chr1	2146111	2146116	10
chr1	2176068	2176073	10
chr1	2176464	2176469	10
chr1	2178194	2178199	10
chr1	2180836	2180841	10
chr1	219627	219632	10
chr1	2196772	2196777	10
chr1	2209948	2209953	10
chr1	2212768	2212773	10
chr1	2217519	2217524	10
chr1	2229070	2229075	10
chr1	2229442	2229447	10
chr1	223099	223104	10
chr1	2242763	2242768	10
chr1	2243805	2243810	10
chr1	2248658	2248663	10
chr1	2249615	2249620	10
chr1	2256248	2256253	10
chr1	2263393	2263398	10
chr1	2276851	2276856	10
chr1	2284343	2284348	10
chr1	2286405	2286410	10
chr1	2308679	2308684	10
chr1	2319908	2319913	10
chr1	2325850	2325855	10
chr1	2326081	2326086	10
chr1	2326249	2326254	10
chr1	2326980	2326985	10
chr1	2334734	2334739	10
chr1	2338473	2338478	10
chr1	2345639	2345644	10
chr1	2353999	2354004	10
chr1	2355404	2355409	10
chr1	2356424	2356429	10
chr1	2357821	2357826	10
chr1	2365217	2365222	10
chr1	2365434	2365439	10
chr1	236725	236730	10
chr1	2370231	2370236	10
chr1	2370423	2370428	10
chr1	237485	237490	10
chr1	2375289	2375294	10
chr1	2380971	2380976	10
chr1	2386279	2386284	10
chr1	2392213	2392218	10
chr1	24009	24014	10
chr1	2401798	2401803	10
chr1	2411229	2411234	10
chr1	2419768	2419773	10
chr1	2422919	2422924	10
chr1	2429889	2429894	10
chr1	2430426	2430431	10
chr1	2435007	2435012	10
chr1	2443104	2443109	10
chr1	2443866	2443871	10
chr1	2444379	2444384	10
chr1	2449170	2449175	10
chr1	2450005	2450010	10
chr1	2450711	2450716	10
chr1	2451544	2451549	10
chr1	2455170	2455175	10
chr1	2463900	2463905	10
chr1	2468296	2468301	10
chr1	2468917	2468922	10
chr1	2470832	2470837	10
chr1	2473379	2473384	10
chr1	2473788	2473793	10
chr1	2475160	2475165	10
chr1	2477711	2477716	10
chr1	2477778	2477783	10
chr1	2480807	2480812	10
chr1	2490354	2490359	10
chr1	2495856	2495861	10
chr1	2502133	2502138	10
chr1	2507868	2507873	10
chr1	2509478	2509483	10
chr1	2513745	2513750	10
chr1	2515083	2515088	10
chr1	2518920	2518925	10
chr1	252015	252020	10
chr1	2522729	2522734	10
chr1	2528615	2528620	10
chr1	252870	252875	10
chr1	2529069	2529074	10
chr1	2530290	2530295	10
chr1	2534819	2534824	10
chr1	253557	253562	10
chr1	2540933	2540938	10
chr1	2542008	2542013	10
chr1	2543397	2543402	10
chr1	254419	254424	10
chr1	2551395	2551400	10
chr1	2552097	2552102	10
chr1	2552537	2552542	10
chr1	2558614	2558619	10
chr1	2560603	2560608	10
chr1	2561591	2561596	10
chr1	2562890	2562895	10
chr1	2564122	2564127	10
chr1	2567982	2567987	10
chr1	2571721	2571726	10
chr1	2573137	2573142	10
chr1	2573448	2573453	10
chr1	2573705	2573710	10
chr1	2574878	2574883	10
chr1	2577785	2577790	10
chr1	2577845	2577850	10
chr1	2578829	2578834	10
chr1	2579029	2579034	10
chr1	2582588	2582593	10
chr1	2583212	2583217	10
chr1	2587674	2587679	10
chr1	2587769	2587774	10
chr1	2590669	2590674	10
chr1	2594908	2594913	10
chr1	2597273	2597278	10
chr1	2603284	2603289	10
chr1	2605679	2605684	10
chr1	2609519	2609524	10
chr1	2609753	2609758	10
chr1	2613930	2613935	10
chr1	2615277	2615282	10
chr1	2616538	2616543	10
chr1	2618879	2618884	10
chr1	2619071	2619076	10
chr1	2621192	2621197	10
chr1	2624651	2624656	10
chr1	2627502	2627507	10
chr1	2631553	2631558	10
chr1	2633100	2633105	10
chr1	2633876	2633881	10
chr1	2636536	2636541	10
chr1	2637758	2637763	10
chr1	2638680	2638685	10
chr1	2638953	2638958	10
chr1	2643624	2643629	10
chr1	2645070	2645075	10
chr1	2647099	2647104	10
chr1	2647741	2647746	10
chr1	264920	264925	10
chr1	2650169	2650174	10
chr1	2650819	2650824	10
chr1	2653897	2653902	10
chr1	2657851	2657856	10
chr1	2661542	2661547	10
chr1	2662038	2662043	10
chr1	266429	266434	10
chr1	2668751	2668756	10
chr1	2671895	2671900	10
chr1	2672944	2672949	10
chr1	2673127	2673132	10
chr1	2673991	2673996	10
chr1	267407	267412	10
chr1	2674384	2674389	10
chr1	2678075	2678080	10
chr1	2678311	2678316	10
chr1	2678398	2678403	10
chr1	2683313	2683318	10
chr1	2693840	2693845	10
chr1	2701062	2701067	10
chr1	2702515	2702520	10
chr1	2706960	2706965	10
chr1	2708936	2708941	10
chr1	2711994	2711999	10
chr1	2715596	2715601	10
chr1	2720544	2720549	10
chr1	2721009	2721014	10
chr1	2721672	2721677	10
chr1	2725630	2725635	10
chr1	2728787	2728792	10
chr1	2734348	2734353	10
chr1	2736680	2736685	10
chr1	2737295	2737300	10
chr1	2741413	2741418	10
chr1	2746638	2746643	10
chr1	2748891	2748896	10
chr1	2750462	2750467	10
chr1	2751314	2751319	10
chr1	2751455	2751460	10
chr1	2752726	2752731	10
chr1	2755905	2755910	10
chr1	2773456	2773461	10
chr1	2773656	2773661	10
chr1	2776239	2776244	10
chr1	2776711	2776716	10
chr1	2782274	2782279	10
chr1	2785491	2785496	10
chr1	2808254	2808259	10
chr1	2808272	2808277	10
chr1	2808665	2808670	10
chr1	2809703	2809708	10
chr1	2810305	2810310	10
chr1	2811256	2811261	10
chr1	281586	281591	10
chr1	2824529	2824534	10
chr1	2826572	2826577	10
chr1	2828317	2828322	10
chr1	2834387	2834392	10
chr1	283712	283717	10
chr1	2846278	2846283	10
chr1	2856446	2856451	10
chr1	2863356	2863361	10
chr1	2870207	2870212	10
chr1	2870984	2870989	10
chr1	2875767	2875772	10
chr1	287595	287600	10
chr1	2876567	2876572	10
chr1	2879153	2879158	10
chr1	2879803	2879808	10
chr1	2885545	2885550	10
chr1	2885565	2885570	10
chr1	2894618	2894623	10
chr1	2896549	2896554	10
chr1	2899726	2899731	10
chr1	2901733	2901738	10
chr1	2902631	2902636	10
chr1	2902709	2902714	10
chr1	290304	290309	10
chr1	2905031	2905036	10
chr1	2905997	2906002	10
chr1	2906484	2906489	10
chr1	29089	29094	10
chr1	2923786	2923791	10
chr1	2925070	2925075	10
chr1	2926701	2926706	10
chr1	2927073	2927078	10
chr1	2929161	2929166	10
chr1	2929464	2929469	10
chr1	2930580	2930585	10
chr1	2931103	2931108	10
chr1	2937284	2937289	10
chr1	2938766	2938771	10
chr1	2939021	2939026	10
chr1	2947103	2947108	10
chr1	2947515	2947520	10
chr1	2954141	2954146	10
chr1	2954971	2954976	10
chr1	295572	295577	10
chr1	2956119	2956124	10
chr1	2965458	2965463	10
chr1	2965462	2965467	10
chr1	2967868	2967873	10
chr1	2969425	2969430	10
chr1	2972930	2972935	10
chr1	2973630	2973635	10
chr1	2975356	2975361	10
chr1	2979319	2979324	10
chr1	2986948	2986953	10
chr1	2989259	2989264	10
chr1	2991604	2991609	10
chr1	2994150	2994155	10
chr1	2996766	2996771	10
chr1	2999011	2999016	10
chr1	300083	300088	10
chr1	3006445	3006450	10
chr1	300838	300843	10
chr1	3009562	3009567	10
chr1	3015325	3015330	10
chr1	3019658	3019663	10
chr1	3021733	3021738	10
chr1	3029048	3029053	10
chr1	3033008	3033013	10
chr1	3038739	3038744	10
chr1	3040191	3040196	10
chr1	3040366	3040371	10
chr1	3040927	3040932	10
chr1	3041916	3041921	10
chr1	3049669	3049674	10
chr1	3056372	3056377	10
chr1	3057284	3057289	10
chr1	3060059	3060064	10
chr1	3063226	3063231	10
chr1	3064282	3064287	10
chr1	306575	306580	10
chr1	3067692	3067697	10
chr1	3068781	3068786	10
chr1	3069299	3069304	10
chr1	3071994	3071999	10
chr1	30720	30725	10
chr1	3075361	3075366	10
chr1	3075636	3075641	10
chr1	307600	307605	10
chr1	3077322	3077327	10
chr1	3077472	3077477	10
chr1	3080003	3080008	10
chr1	3080246	3080251	10
chr1	308761	308766	10
chr1	3088391	3088396	10
chr1	3094222	3094227	10
chr1	3094912	3094917	10
chr1	3096205	3096210	10
chr1	309754	309759	10
chr1	3102201	3102206	10
chr1	3103652	3103657	10
chr1	3108017	3108022	10
chr1	3109377	3109382	10
chr1	3109463	3109468	10
chr1	3110663	3110668	10
chr1	3123078	3123083	10
chr1	3124399	3124404	10
chr1	31341	31346	10
chr1	3134184	3134189	10
chr1	3147481	3147486	10
chr1	3155660	3155665	10
chr1	3156538	3156543	10
chr1	3159975	3159980	10
chr1	3166895	3166900	10
chr1	3166949	3166954	10
chr1	3167582	3167587	10
chr1	3170821	3170826	10
chr1	3173651	3173656	10
chr1	317813	317818	10
chr1	3186948	3186953	10
chr1	3192503	3192508	10
chr1	3197867	3197872	10
chr1	3204690	3204695	10
chr1	3207085	3207090	10
chr1	3210310	3210315	10
chr1	3214428	3214433	10
chr1	321552	321557	10
chr1	3217986	3217991	10
chr1	322015	322020	10
chr1	3224310	3224315	10
chr1	3227246	3227251	10
chr1	3236891	3236896	10
chr1	3237172	3237177	10
chr1	3237806	3237811	10
chr1	3238526	3238531	10
chr1	3242795	3242800	10
chr1	3242906	3242911	10
chr1	3247899	3247904	10
chr1	3248538	3248543	10
chr1	3250312	3250317	10
chr1	3257171	3257176	10
chr1	3263283	3263288	10
chr1	3264432	3264437	10
chr1	3272779	3272784	10
chr1	3274945	3274950	10
chr1	3276922	3276927	10
chr1	3279386	3279391	10
chr1	3279662	3279667	10
chr1	3280314	3280319	10
chr1	3282640	3282645	10
chr1	3283276	3283281	10
chr1	328431	328436	10
chr1	3290671	3290676	10
chr1	3293544	3293549	10
chr1	3297382	3297387	10
chr1	329876	329881	10
chr1	3300412	3300417	10
chr1	3310104	3310109	10
chr1	3314406	3314411	10
chr1	3315828	3315833	10
chr1	3327591	3327596	10
chr1	3327888	3327893	10
chr1	3328587	3328592	10
chr1	3332386	3332391	10
chr1	333317	333322	10
chr1	3336708	3336713	10
chr1	3338358	3338363	10
chr1	3342672	3342677	10
chr1	3346222	3346227	10
chr1	3348867	3348872	10
chr1	3352950	3352955	10
chr1	3356607	3356612	10
chr1	3357050	3357055	10
chr1	3362451	3362456	10
chr1	3363345	3363350	10
chr1	3363791	3363796	10
chr1	338262	338267	10
chr1	3386377	3386382	10
chr1	33908	33913	10
chr1	3395017	3395022	10
chr1	3406985	3406990	10
chr1	340701	340706	10
chr1	3408070	3408075	10
chr1	340830	340835	10
chr1	3411328	3411333	10
chr1	3413632	3413637	10
chr1	3414941	3414946	10
chr1	3416900	3416905	10
chr1	3424605	3424610	10
chr1	3424943	3424948	10
chr1	3428833	3428838	10
chr1	3439793	3439798	10
chr1	3440222	3440227	10
chr1	3444054	3444059	10
chr1	3445027	3445032	10
chr1	3446456	3446461	10
chr1	3448966	3448971	10
chr1	3450598	3450603	10
chr1	345533	345538	10
chr1	3460959	3460964	10
chr1	3461442	3461447	10
chr1	3469700	3469705	10
chr1	3470593	3470598	10
chr1	3472189	3472194	10
chr1	3478913	3478918	10
chr1	3483591	3483596	10
chr1	3484039	3484044	10
chr1	3488336	3488341	10
chr1	34895	34900	10
chr1	3491623	3491628	10
chr1	3492256	3492261	10
chr1	3494336	3494341	10
chr1	3494582	3494587	10
chr1	3495661	3495666	10
chr1	349695	349700	10
chr1	3497578	3497583	10
chr1	3503322	3503327	10
chr1	3509829	3509834	10
chr1	3512430	3512435	10
chr1	3526855	3526860	10
chr1	3527537	3527542	10
chr1	3534689	3534694	10
chr1	3536107	3536112	10
chr1	3536837	3536842	10
chr1	3537107	3537112	10
chr1	3540295	3540300	10
chr1	3541023	3541028	10
chr1	354554	354559	10
chr1	3549160	3549165	10
chr1	3550217	3550222	10
chr1	355133	355138	10
chr1	3554009	3554014	10
chr1	35544	35549	10
chr1	3564447	3564452	10
chr1	3565176	3565181	10
chr1	3570513	3570518	10
chr1	3571490	3571495	10
chr1	3575451	3575456	10
chr1	3589631	3589636	10
chr1	3600460	3600465	10
chr1	3602712	3602717	10
chr1	3622658	3622663	10
chr1	3628174	3628179	10
chr1	3632019	3632024	10
chr1	3633249	3633254	10
chr1	3634169	3634174	10
chr1	3634908	3634913	10
chr1	3641215	3641220	10
chr1	3643453	3643458	10
chr1	3645560	3645565	10
chr1	3646512	3646517	10
chr1	3654968	3654973	10
chr1	3655325	3655330	10
chr1	3655596	3655601	10
chr1	3659787	3659792	10
chr1	3664606	3664611	10
chr1	3666561	3666566	10
chr1	3670659	3670664	10
chr1	3689148	3689153	10
chr1	3692618	3692623	10
chr1	3700987	3700992	10
chr1	3708502	3708507	10
chr1	3709852	3709857	10
chr1	3720100	3720105	10
chr1	3724500	3724505	10
chr1	3729203	3729208	10
chr1	373098	373103	10
chr1	3742478	3742483	10
chr1	3750282	3750287	10
chr1	3750319	3750324	10
chr1	3755118	3755123	10
chr1	3757766	3757771	10
chr1	3758330	3758335	10
chr1	3758925	3758930	10
chr1	3761243	3761248	10
chr1	3762289	3762294	10
chr1	3765911	3765916	10
chr1	376620	376625	10
chr1	376654	376659	10
chr1	3769573	3769578	10
chr1	3771898	3771903	10
chr1	377610	377615	10
chr1	3780207	3780212	10
chr1	3781685	3781690	10
chr1	3783659	3783664	10
chr1	3788023	3788028	10
chr1	3793195	3793200	10
chr1	3794382	3794387	10
chr1	3795039	3795044	10
chr1	3797989	3797994	10
chr1	380254	380259	10
chr1	3807115	3807120	10
chr1	3807288	3807293	10
chr1	3808438	3808443	10
chr1	3811797	3811802	10
chr1	3812264	3812269	10
chr1	3814413	3814418	10
chr1	3816401	3816406	10
chr1	3817572	3817577	10
chr1	3819484	3819489	10
chr1	3828529	3828534	10
chr1	3842555	3842560	10
chr1	3843369	3843374	10
chr1	3849093	3849098	10
chr1	385401	385406	10
chr1	3860966	3860971	10
chr1	3862092	3862097	10
chr1	3863194	3863199	10
chr1	3868492	3868497	10
chr1	3870187	3870192	10
chr1	3871237	3871242	10
chr1	3876275	3876280	10
chr1	3886537	3886542	10
chr1	3891294	3891299	10
chr1	3892539	3892544	10
chr1	3894822	3894827	10
chr1	3898155	3898160	10
chr1	38992	38997	10
chr1	3899509	3899514	10
chr1	3903345	3903350	10
chr1	3909072	3909077	10
chr1	3911532	3911537	10
chr1	3912484	3912489	10
chr1	3912679	3912684	10
chr1	3913210	3913215	10
chr1	3923653	3923658	10
chr1	3927959	3927964	10
chr1	3932211	3932216	10
chr1	3934302	3934307	10
chr1	3941687	3941692	10
chr1	3942049	3942054	10
chr1	3942919	3942924	10
chr1	3949423	3949428	10
chr1	3950320	3950325	10
chr1	3952060	3952065	10
chr1	3953958	3953963	10
chr1	3959894	3959899	10
chr1	3962160	3962165	10
chr1	3962537	3962542	10
chr1	3962678	3962683	10
chr1	3964378	3964383	10
chr1	3965984	3965989	10
chr1	3978339	3978344	10
chr1	3979884	3979889	10
chr1	3991215	3991220	10
chr1	3992072	3992077	10
chr1	4000237	4000242	10
chr1	4001771	4001776	10
chr1	4010816	4010821	10
chr1	4026828	4026833	10
chr1	4028651	4028656	10
chr1	4030527	4030532	10
chr1	4032116	4032121	10
chr1	4033012	4033017	10
chr1	4044408	4044413	10
chr1	40444	40449	10
chr1	4045203	4045208	10
chr1	4051187	4051192	10
chr1	4053005	4053010	10
chr1	4053032	4053037	10
chr1	4055048	4055053	10
chr1	4055634	4055639	10
chr1	4057959	4057964	10
chr1	4058736	4058741	10
chr1	4070318	4070323	10
chr1	4071182	4071187	10
chr1	4076659	4076664	10
chr1	4079209	4079214	10
chr1	4080262	4080267	10
chr1	4082570	4082575	10
chr1	4085247	4085252	10
chr1	4088009	4088014	10
chr1	4092389	4092394	10
chr1	4100650	4100655	10
chr1	4100964	4100969	10
chr1	4108885	4108890	10
chr1	4108963	4108968	10
chr1	4111305	4111310	10
chr1	411222	411227	10
chr1	4112778	4112783	10
chr1	4116012	4116017	10
chr1	4118712	4118717	10
chr1	4123726	4123731	10
chr1	4125230	4125235	10
chr1	41261	41266	10
chr1	4132413	4132418	10
chr1	4134676	4134681	10
chr1	4135226	4135231	10
chr1	4137040	4137045	10
chr1	4137521	4137526	10
chr1	4138727	4138732	10
chr1	4139951	4139956	10
chr1	4141351	4141356	10
chr1	4141684	4141689	10
chr1	4142291	4142296	10
chr1	4145308	4145313	10
chr1	4145923	4145928	10
chr1	4146685	4146690	10
chr1	4149520	4149525	10
chr1	4149613	4149618	10
chr1	4149934	4149939	10
chr1	4150784	4150789	10
chr1	4152436	4152441	10
chr1	4153083	4153088	10
chr1	4156035	4156040	10
chr1	4158374	4158379	10
chr1	4161750	4161755	10
chr1	4170410	4170415	10
chr1	4171596	4171601	10
chr1	4172948	4172953	10
chr1	4175304	4175309	10
chr1	418002	418007	10
chr1	418017	418022	10
chr1	4189243	4189248	10
chr1	4197134	4197139	10
chr1	4198560	4198565	10
chr1	4219107	4219112	10
chr1	4222118	4222123	10
chr1	4222241	4222246	10
chr1	4224424	4224429	10
chr1	4225939	4225944	10
chr1	4234711	4234716	10
chr1	4235454	4235459	10
chr1	42435	42440	10
chr1	4246332	4246337	10
chr1	4246358	4246363	10
chr1	4252384	4252389	10
chr1	4256329	4256334	10
chr1	4257925	4257930	10
chr1	4259341	4259346	10
chr1	4269543	4269548	10
chr1	4275474	4275479	10
chr1	4282553	4282558	10
chr1	4287146	4287151	10
chr1	4288484	4288489	10
chr1	4297031	4297036	10
chr1	4298359	4298364	10
chr1	4305052	4305057	10
chr1	430524	430529	10
chr1	4305598	4305603	10
chr1	4313543	4313548	10
chr1	4320608	4320613	10
chr1	432620	432625	10
chr1	433161	433166	10
chr1	4333030	4333035	10
chr1	4344429	4344434	10
chr1	4353651	4353656	10
chr1	4355732	4355737	10
chr1	4356360	4356365	10
chr1	4357262	4357267	10
chr1	4358250	4358255	10
chr1	4359199	4359204	10
chr1	4370731	4370736	10
chr1	4375006	4375011	10
chr1	4378137	4378142	10
chr1	4384091	4384096	10
chr1	4390468	4390473	10
chr1	4390825	4390830	10
chr1	4397338	4397343	10
chr1	4400194	4400199	10
chr1	4401443	4401448	10
chr1	4407569	4407574	10
chr1	4410861	4410866	10
chr1	4413965	4413970	10
chr1	4424009	4424014	10
chr1	4424217	4424222	10
chr1	4427993	4427998	10
chr1	4433683	4433688	10
chr1	4438308	4438313	10
chr1	4439056	4439061	10
chr1	4440727	4440732	10
chr1	4441002	4441007	10
chr1	4441462	4441467	10
chr1	4441955	4441960	10
chr1	4442567	4442572	10
chr1	4444132	4444137	10
chr1	4447059	4447064	10
chr1	4452315	4452320	10
chr1	4453839	4453844	10
chr1	4456793	4456798	10
chr1	4457249	4457254	10
chr1	445992	445997	10
chr1	4460545	4460550	10
chr1	4461740	4461745	10
chr1	4462686	4462691	10
chr1	4479955	4479960	10
chr1	4481387	4481392	10
chr1	44841	44846	10
chr1	4484683	4484688	10
chr1	4485227	4485232	10
chr1	4487173	4487178	10
chr1	4488300	4488305	10
chr1	4489746	4489751	10
chr1	4497582	4497587	10
chr1	4506529	4506534	10
chr1	4507234	4507239	10
chr1	4515796	4515801	10
chr1	452297	452302	10
chr1	4528174	4528179	10
chr1	4528594	4528599	10
chr1	4538330	4538335	10
chr1	4539198	4539203	10
chr1	4539922	4539927	10
chr1	4544924	4544929	10
chr1	4553334	4553339	10
chr1	4558849	4558854	10
chr1	455896	455901	10
chr1	4560404	4560409	10
chr1	4560606	4560611	10
chr1	4563151	4563156	10
chr1	45663	45668	10
chr1	4578998	4579003	10
chr1	45867	45872	10
chr1	4590616	4590621	10
chr1	4591144	4591149	10
chr1	4592365	4592370	10
chr1	4595054	4595059	10
chr1	4595427	4595432	10
chr1	4595855	4595860	10
chr1	4600995	4601000	10
chr1	4606351	4606356	10
chr1	4609531	4609536	10
chr1	4613469	4613474	10
chr1	461450	461455	10
chr1	4615187	4615192	10
chr1	4616334	4616339	10
chr1	4619824	4619829	10
chr1	4634057	4634062	10
chr1	4635497	4635502	10
chr1	4640733	4640738	10
chr1	4641075	4641080	10
chr1	4643565	4643570	10
chr1	4651216	4651221	10
chr1	465240	465245	10
chr1	465939	465944	10
chr1	4662070	4662075	10
chr1	4662328	4662333	10
chr1	4663294	4663299	10
chr1	4672749	4672754	10
chr1	4674057	4674062	10
chr1	4687026	4687031	10
chr1	4689812	4689817	10
chr1	4690636	4690641	10
chr1	4706070	4706075	10
chr1	4714277	4714282	10
chr1	4714352	4714357	10
chr1	472056	472061	10
chr1	4721143	4721148	10
chr1	472408	472413	10
chr1	472700	472705	10
chr1	4728277	4728282	10
chr1	4729744	4729749	10
chr1	4730691	4730696	10
chr1	4738503	4738508	10
chr1	4742388	4742393	10
chr1	4747942	4747947	10
chr1	4758941	4758946	10
chr1	4760324	4760329	10
chr1	4765590	4765595	10
chr1	4767192	4767197	10
chr1	4768323	4768328	10
chr1	4771867	4771872	10
chr1	4772689	4772694	10
chr1	4773558	4773563	10
chr1	4774135	4774140	10
chr1	4775131	4775136	10
chr1	4777882	4777887	10
chr1	4778470	4778475	10
chr1	4782978	4782983	10
chr1	4789587	4789592	10
chr1	4795605	4795610	10
chr1	4796154	4796159	10
chr1	4796290	4796295	10
chr1	4797929	4797934	10
chr1	4799374	4799379	10
chr1	4803895	4803900	10
chr1	4805233	4805238	10
chr1	4806539	4806544	10
chr1	4807283	4807288	10
chr1	4813320	4813325	10
chr1	4816926	4816931	10
chr1	4817088	4817093	10
chr1	4819050	4819055	10
chr1	4823071	4823076	10
chr1	4825129	4825134	10
chr1	4832025	4832030	10
chr1	4832864	4832869	10
chr1	4834830	4834835	10
chr1	4839424	4839429	10
chr1	4840125	4840130	10
chr1	4841920	4841925	10
chr1	4844744	4844749	10
chr1	4845895	4845900	10
chr1	4856997	4857002	10
chr1	4857825	4857830	10
chr1	4865569	4865574	10
chr1	4866132	4866137	10
chr1	4872383	4872388	10
chr1	4890122	4890127	10
chr1	4891093	4891098	10
chr1	4893351	4893356	10
chr1	4897484	4897489	10
chr1	490054	490059	10
chr1	4901239	4901244	10
chr1	490761	490766	10
chr1	4910762	4910767	10
chr1	4913092	4913097	10
chr1	4913802	4913807	10
chr1	4916034	4916039	10
chr1	4919740	4919745	10
chr1	4920855	4920860	10
chr1	4925389	4925394	10
chr1	4934352	4934357	10
chr1	4937764	4937769	10
chr1	4940658	4940663	10
chr1	4944386	4944391	10
chr1	4946509	4946514	10
chr1	4947019	4947024	10
chr1	4952841	4952846	10
chr1	4964292	4964297	10
chr1	4971609	4971614	10
chr1	4975203	4975208	10
chr1	4981542	4981547	10
chr1	4984005	4984010	10
chr1	4997359	4997364	10
chr1	5008247	5008252	10
chr1	5009287	5009292	10
chr1	5018806	5018811	10
chr1	502268	502273	10
chr1	5022882	5022887	10
chr1	5030406	5030411	10
chr1	5033671	5033676	10
chr1	5037481	5037486	10
chr1	503779	503784	10
chr1	5044120	5044125	10
chr1	504530	504535	10
chr1	5045792	5045797	10
chr1	504748	504753	10
chr1	5052589	5052594	10
chr1	5058062	5058067	10
chr1	5067959	5067964	10
chr1	5070079	5070084	10
chr1	507046	507051	10
chr1	5070784	5070789	10
chr1	507388	507393	10
chr1	5077271	5077276	10
chr1	5080235	5080240	10
chr1	5080358	5080363	10
chr1	5095904	5095909	10
chr1	510523	510528	10
chr1	5107683	5107688	10
chr1	5110046	5110051	10
chr1	5115943	5115948	10
chr1	5116297	5116302	10
chr1	5117771	5117776	10
chr1	512527	512532	10
chr1	5125546	5125551	10
chr1	51288	51293	10
chr1	5129897	5129902	10
chr1	5136163	5136168	10
chr1	5141067	5141072	10
chr1	5141559	5141564	10
chr1	5145787	5145792	10
chr1	5148557	5148562	10
chr1	5154006	5154011	10
chr1	5155265	5155270	10
chr1	5155295	5155300	10
chr1	5155511	5155516	10
chr1	5155646	5155651	10
chr1	5156823	5156828	10
chr1	5157089	5157094	10
chr1	5158908	5158913	10
chr1	5162761	5162766	10
chr1	5180232	5180237	10
chr1	5180739	5180744	10
chr1	5183983	5183988	10
chr1	5193028	5193033	10
chr1	519368	519373	10
chr1	5195009	5195014	10
chr1	519584	519589	10
chr1	5202857	5202862	10
chr1	5207523	5207528	10
chr1	5209079	5209084	10
chr1	5212276	5212281	10
chr1	521536	521541	10
chr1	5223319	5223324	10
chr1	522458	522463	10
chr1	5226530	5226535	10
chr1	5232948	5232953	10
chr1	5233462	5233467	10
chr1	5240401	5240406	10
chr1	5241227	5241232	10
chr1	5245476	5245481	10
chr1	5252174	5252179	10
chr1	5252944	5252949	10
chr1	525617	525622	10
chr1	5260203	5260208	10
chr1	5274214	5274219	10
chr1	5294653	5294658	10
chr1	5297565	5297570	10
chr1	5298658	5298663	10
chr1	530056	530061	10
chr1	5304036	5304041	10
chr1	5305271	5305276	10
chr1	5306772	5306777	10
chr1	5310067	5310072	10
chr1	5313511	5313516	10
chr1	5315286	5315291	10
chr1	5325050	5325055	10
chr1	5335516	5335521	10
chr1	5339578	5339583	10
chr1	5347973	5347978	10
chr1	5349504	5349509	10
chr1	5350782	5350787	10
chr1	5351743	5351748	10
chr1	535570	535575	10
chr1	5357860	5357865	10
chr1	5360755	5360760	10
chr1	5364883	5364888	10
chr1	5364999	5365004	10
chr1	5365585	5365590	10
chr1	5369745	5369750	10
chr1	5371010	5371015	10
chr1	5371833	5371838	10
chr1	5372663	5372668	10
chr1	5376618	5376623	10
chr1	5377379	5377384	10
chr1	5381488	5381493	10
chr1	5383155	5383160	10
chr1	5387744	5387749	10
chr1	5387795	5387800	10
chr1	5397371	5397376	10
chr1	5397714	5397719	10
chr1	5402208	5402213	10
chr1	540584	540589	10
chr1	5425048	5425053	10
chr1	5436758	5436763	10
chr1	5443019	5443024	10
chr1	5446796	5446801	10
chr1	5447062	5447067	10
chr1	5450918	5450923	10
chr1	5456584	5456589	10
chr1	5456884	5456889	10
chr1	5457842	5457847	10
chr1	5459569	5459574	10
chr1	546101	546106	10
chr1	546325	546330	10
chr1	5464566	5464571	10
chr1	5469153	5469158	10
chr1	5471479	5471484	10
chr1	5471991	5471996	10
chr1	5480551	5480556	10
chr1	5481257	5481262	10
chr1	5482090	5482095	10
chr1	548261	548266	10
chr1	5483466	5483471	10
chr1	548896	548901	10
chr1	5492080	5492085	10
chr1	5493029	5493034	10
chr1	5498728	5498733	10
chr1	5501275	5501280	10
chr1	5504991	5504996	10
chr1	5510444	5510449	10
chr1	551577	551582	10
chr1	5521790	5521795	10
chr1	552348	552353	10
chr1	5525849	5525854	10
chr1	5526270	5526275	10
chr1	5526	5531	10
chr1	5526608	5526613	10
chr1	5531654	5531659	10
chr1	5531853	5531858	10
chr1	553506	553511	10
chr1	5546457	5546462	10
chr1	5554105	5554110	10
chr1	5560992	5560997	10
chr1	5562522	5562527	10
chr1	556360	556365	10
chr1	5566443	5566448	10
chr1	5568067	5568072	10
chr1	5571227	5571232	10
chr1	5572910	5572915	10
chr1	5573868	5573873	10
chr1	5579188	5579193	10
chr1	5579855	5579860	10
chr1	5580722	5580727	10
chr1	5584437	5584442	10
chr1	5584491	5584496	10
chr1	5587396	5587401	10
chr1	559028	559033	10
chr1	5591929	5591934	10
chr1	5592978	5592983	10
chr1	559334	559339	10
chr1	5597017	5597022	10
chr1	559948	559953	10
chr1	5602591	5602596	10
chr1	5605007	5605012	10
chr1	5610508	5610513	10
chr1	5614489	5614494	10
chr1	5623297	5623302	10
chr1	5624738	5624743	10
chr1	5625362	5625367	10
chr1	5628856	5628861	10
chr1	5631288	5631293	10
chr1	5633689	5633694	10
chr1	5634534	5634539	10
chr1	56395	56400	10
chr1	5641241	5641246	10
chr1	5643298	5643303	10
chr1	5645479	5645484	10
chr1	5647475	5647480	10
chr1	5654612	5654617	10
chr1	5659993	5659998	10
chr1	5661284	5661289	10
chr1	5666509	5666514	10
chr1	5667768	5667773	10
chr1	5672997	5673002	10
chr1	5673799	5673804	10
chr1	5677983	5677988	10
chr1	5678600	5678605	10
chr1	5679992	5679997	10
chr1	5681735	5681740	10
chr1	5683555	5683560	10
chr1	5684368	5684373	10
chr1	568778	568783	10
chr1	568934	568939	10
chr1	5694735	5694740	10
chr1	5699413	5699418	10
chr1	5702469	5702474	10
chr1	570315	570320	10
chr1	5711288	5711293	10
chr1	5711755	5711760	10
chr1	5717109	5717114	10
chr1	5718757	5718762	10
chr1	5723104	5723109	10
chr1	5723428	5723433	10
chr1	5723927	5723932	10
chr1	572717	572722	10
chr1	5728517	5728522	10
chr1	5736381	5736386	10
chr1	5737798	5737803	10
chr1	5739975	5739980	10
chr1	5745247	5745252	10
chr1	5745870	5745875	10
chr1	574780	574785	10
chr1	5750342	5750347	10
chr1	5752388	5752393	10
chr1	5759309	5759314	10
chr1	5760754	5760759	10
chr1	5764838	5764843	10
chr1	5765465	5765470	10
chr1	5768160	5768165	10
chr1	5770840	5770845	10
chr1	5772426	5772431	10
chr1	5775379	5775384	10
chr1	577721	577726	10
chr1	5781935	5781940	10
chr1	5782824	5782829	10
chr1	5784367	5784372	10
chr1	5787864	5787869	10
chr1	5790282	5790287	10
chr1	5791320	5791325	10
chr1	5793381	5793386	10
chr1	5799802	5799807	10
chr1	5800386	5800391	10
chr1	580105	580110	10
chr1	5803659	5803664	10
chr1	5804622	5804627	10
chr1	5805302	5805307	10
chr1	581035	581040	10
chr1	5811395	5811400	10
chr1	5823394	5823399	10
chr1	5825247	5825252	10
chr1	5825965	5825970	10
chr1	5829442	5829447	10
chr1	5830733	5830738	10
chr1	5831331	5831336	10
chr1	5836914	5836919	10
chr1	5840873	5840878	10
chr1	5844183	5844188	10
chr1	5846850	5846855	10
chr1	584815	584820	10
chr1	5856439	5856444	10
chr1	5859446	5859451	10
chr1	5865301	5865306	10
chr1	5867319	5867324	10
chr1	5867442	5867447	10
chr1	5869421	5869426	10
chr1	5870258	5870263	10
chr1	5870651	5870656	10
chr1	5873447	5873452	10
chr1	5876051	5876056	10
chr1	5877983	5877988	10
chr1	5878734	5878739	10
chr1	5881416	5881421	10
chr1	5882218	5882223	10
chr1	588289	588294	10
chr1	5887787	5887792	10
chr1	5888297	5888302	10
chr1	5891263	5891268	10
chr1	5892154	5892159	10
chr1	5896178	5896183	10
chr1	5897674	5897679	10
chr1	589832	589837	10
chr1	59075	59080	10
chr1	5908980	5908985	10
chr1	5913349	5913354	10
chr1	5918120	5918125	10
chr1	5918503	5918508	10
chr1	5926241	5926246	10
chr1	5930396	5930401	10
chr1	5932020	5932025	10
chr1	5932906	5932911	10
chr1	5942582	5942587	10
chr1	5943218	5943223	10
chr1	5943562	5943567	10
chr1	594789	594794	10
chr1	5949793	5949798	10
chr1	5958720	5958725	10
chr1	5962590	5962595	10
chr1	5972839	5972844	10
chr1	5983127	5983132	10
chr1	5984974	5984979	10
chr1	598574	598579	10
chr1	5985987	5985992	10
chr1	599265	599270	10
chr1	6000532	6000537	10
chr1	600247	600252	10
chr1	6005981	6005986	10
chr1	6012325	6012330	10
chr1	6013643	6013648	10
chr1	6014812	6014817	10
chr1	601594	601599	10
chr1	6016221	6016226	10
chr1	6039615	6039620	10
chr1	6042845	6042850	10
chr1	6043712	6043717	10
chr1	6044378	6044383	10
chr1	6045896	6045901	10
chr1	6046177	6046182	10
chr1	6047292	6047297	10
chr1	6052532	6052537	10
chr1	605554	605559	10
chr1	6056766	6056771	10
chr1	6056943	6056948	10
chr1	6059372	6059377	10
chr1	6062011	6062016	10
chr1	6063175	6063180	10
chr1	6072123	6072128	10
chr1	6078834	6078839	10
chr1	6082814	6082819	10
chr1	6083568	6083573	10
chr1	6084168	6084173	10
chr1	6085431	6085436	10
chr1	6092165	6092170	10
chr1	6093047	6093052	10
chr1	6093373	6093378	10
chr1	6094383	6094388	10
chr1	6109012	6109017	10
chr1	6112163	6112168	10
chr1	6116886	6116891	10
chr1	6117195	6117200	10
chr1	6118137	6118142	10
chr1	6119582	6119587	10
chr1	6122	6127	10
chr1	6128709	6128714	10
chr1	6129588	6129593	10
chr1	6130466	6130471	10
chr1	6130829	6130834	10
chr1	6133081	6133086	10
chr1	6139798	6139803	10
chr1	6140731	6140736	10
chr1	6142300	6142305	10
chr1	6143755	6143760	10
chr1	615026	615031	10
chr1	6152542	6152547	10
chr1	6153316	6153321	10
chr1	6155094	6155099	10
chr1	6163791	6163796	10
chr1	6166148	6166153	10
chr1	6168477	6168482	10
chr1	6171940	6171945	10
chr1	6175106	6175111	10
chr1	6177460	6177465	10
chr1	617927	617932	10
chr1	6182908	6182913	10
chr1	6185604	6185609	10
chr1	6190862	6190867	10
chr1	6195848	6195853	10
chr1	6199408	6199413	10
chr1	6208168	6208173	10
chr1	6210467	6210472	10
chr1	6212289	6212294	10
chr1	621877	621882	10
chr1	6222925	6222930	10
chr1	6223631	6223636	10
chr1	6228929	6228934	10
chr1	6238291	6238296	10
chr1	6240119	6240124	10
chr1	624199	624204	10
chr1	6244009	6244014	10
chr1	6252740	6252745	10
chr1	6254738	6254743	10
chr1	6265892	6265897	10
chr1	6267330	6267335	10
chr1	6270028	6270033	10
chr1	6271807	6271812	10
chr1	6273106	6273111	10
chr1	6276949	6276954	10
chr1	6278288	6278293	10
chr1	6280927	6280932	10
chr1	628102	628107	10
chr1	6281059	6281064	10
chr1	6288644	6288649	10
chr1	6296469	6296474	10
chr1	629854	629859	10
chr1	6307261	6307266	10
chr1	6316882	6316887	10
chr1	6316981	6316986	10
chr1	6321374	6321379	10
chr1	6327217	6327222	10
chr1	6328210	6328215	10
chr1	6328898	6328903	10
chr1	6331685	6331690	10
chr1	6334017	6334022	10
chr1	6343791	6343796	10
chr1	6347680	6347685	10
chr1	6350002	6350007	10
chr1	6356138	6356143	10
chr1	6356455	6356460	10
chr1	6357239	6357244	10
chr1	6371036	6371041	10
chr1	6376096	6376101	10
chr1	6377554	6377559	10
chr1	6381471	6381476	10
chr1	6382630	6382635	10
chr1	6382900	6382905	10
chr1	6383940	6383945	10
chr1	6397356	6397361	10
chr1	6414048	6414053	10
chr1	6414695	6414700	10
chr1	6416212	6416217	10
chr1	6418075	6418080	10
chr1	6425179	6425184	10
chr1	6428272	6428277	10
chr1	6433407	6433412	10
chr1	6437318	6437323	10
chr1	6441677	6441682	10
chr1	6445598	6445603	10
chr1	6450077	6450082	10
chr1	6451913	6451918	10
chr1	6452119	6452124	10
chr1	6457081	6457086	10
chr1	6459088	6459093	10
chr1	6462809	6462814	10
chr1	6465182	6465187	10
chr1	6466202	6466207	10
chr1	6468689	6468694	10
chr1	6468854	6468859	10
chr1	6478113	6478118	10
chr1	6479023	6479028	10
chr1	6479522	6479527	10
chr1	6480747	6480752	10
chr1	6481537	6481542	10
chr1	6485214	6485219	10
chr1	6487410	6487415	10
chr1	64884	64889	10
chr1	6494774	6494779	10
chr1	6495058	6495063	10
chr1	6495133	6495138	10
chr1	6499952	6499957	10
chr1	653494	653499	10
chr1	6538657	6538662	10
chr1	6538930	6538935	10
chr1	654626	654631	10
chr1	6548433	6548438	10
chr1	6554540	6554545	10
chr1	6554754	6554759	10
chr1	6561885	6561890	10
chr1	6562011	6562016	10
chr1	656476	656481	10
chr1	65680	65685	10
chr1	6569772	6569777	10
chr1	6571428	6571433	10
chr1	6576912	6576917	10
chr1	6586088	6586093	10
chr1	6588300	6588305	10
chr1	6589160	6589165	10
chr1	659231	659236	10
chr1	6596640	6596645	10
chr1	6603915	6603920	10
chr1	66039	66044	10
chr1	6612200	6612205	10
chr1	6615146	6615151	10
chr1	6616009	6616014	10
chr1	66213	66218	10
chr1	6621949	6621954	10
chr1	6622098	6622103	10
chr1	6622168	6622173	10
chr1	6625087	6625092	10
chr1	6626532	6626537	10
chr1	6628527	6628532	10
chr1	6628674	6628679	10
chr1	6631984	6631989	10
chr1	6633143	6633148	10
chr1	6642598	6642603	10
chr1	6642993	6642998	10
chr1	6648455	6648460	10
chr1	6651926	6651931	10
chr1	6661808	6661813	10
chr1	6664949	6664954	10
chr1	6672432	6672437	10
chr1	6674742	6674747	10
chr1	6676450	6676455	10
chr1	6678675	6678680	10
chr1	6686583	6686588	10
chr1	6687942	6687947	10
chr1	6689376	6689381	10
chr1	6698678	6698683	10
chr1	6704175	6704180	10
chr1	670728	670733	10
chr1	6714328	6714333	10
chr1	6729458	6729463	10
chr1	6734409	6734414	10
chr1	6735540	6735545	10
chr1	6739787	6739792	10
chr1	6746071	6746076	10
chr1	6751390	6751395	10
chr1	6755358	6755363	10
chr1	6756230	6756235	10
chr1	6764332	6764337	10
chr1	6764914	6764919	10
chr1	6767324	6767329	10
chr1	6768444	6768449	10
chr1	6770502	6770507	10
chr1	677886	677891	10
chr1	678490	678495	10
chr1	6786269	6786274	10
chr1	6787774	6787779	10
chr1	6789251	6789256	10
chr1	6789879	6789884	10
chr1	6790897	6790902	10
chr1	6792710	6792715	10
chr1	679346	679351	10
chr1	6796706	6796711	10
chr1	6797975	6797980	10
chr1	6798498	6798503	10
chr1	6803368	6803373	10
chr1	6804511	6804516	10
chr1	6804915	6804920	10
chr1	6806587	6806592	10
chr1	6810217	6810222	10
chr1	6812296	6812301	10
chr1	681442	681447	10
chr1	6814828	6814833	10
chr1	68148	68153	10
chr1	6818749	6818754	10
chr1	6820339	6820344	10
chr1	6821019	6821024	10
chr1	6824610	6824615	10
chr1	6828725	6828730	10
chr1	6833629	6833634	10
chr1	6835662	6835667	10
chr1	6836829	6836834	10
chr1	6837374	6837379	10
chr1	6837579	6837584	10
chr1	6839437	6839442	10
chr1	6840331	6840336	10
chr1	6840682	6840687	10
chr1	6840884	6840889	10
chr1	6846380	6846385	10
chr1	6854626	6854631	10
chr1	6856633	6856638	10
chr1	6858223	6858228	10
chr1	6861018	6861023	10
chr1	6865480	6865485	10
chr1	6869255	6869260	10
chr1	6869463	6869468	10
chr1	6871652	6871657	10
chr1	6877574	6877579	10
chr1	6878130	6878135	10
chr1	6878362	6878367	10
chr1	6879074	6879079	10
chr1	687921	687926	10
chr1	6881333	6881338	10
chr1	6884734	6884739	10
chr1	690852	690857	10
chr1	690866	690871	10
chr1	691044	691049	10
chr1	691997	692002	10
chr1	698897	698902	10
chr1	700068	700073	10
chr1	700924	700929	10
chr1	702635	702640	10
chr1	703547	703552	10
chr1	704638	704643	10
chr1	706901	706906	10
chr1	717862	717867	10
chr1	7190	7195	10
chr1	73077	73082	10
chr1	731531	731536	10
chr1	735507	735512	10
chr1	736104	736109	10
chr1	741400	741405	10
chr1	745234	745239	10
chr1	748409	748414	10
chr1	748571	748576	10
chr1	762726	762731	10
chr1	76770	76775	10
chr1	770841	770846	10
chr1	777296	777301	10
chr1	781055	781060	10
chr1	784508	784513	10
chr1	787433	787438	10
chr1	791799	791804	10
chr1	794156	794161	10
chr1	795271	795276	10
chr1	801758	801763	10
chr1	813965	813970	10
chr1	821107	821112	10
chr1	821827	821832	10
chr1	829662	829667	10
chr1	831807	831812	10
chr1	834616	834621	10
chr1	837849	837854	10
chr1	840635	840640	10
chr1	842002	842007	10
chr1	843388	843393	10
chr1	8437	8442	10
chr1	846072	846077	10
chr1	84780	84785	10
chr1	849012	849017	10
chr1	852571	852576	10
chr1	855176	855181	10
chr1	859441	859446	10
chr1	861023	861028	10
chr1	861874	861879	10
chr1	863058	863063	10
chr1	864726	864731	10
chr1	8708	8713	10
chr1	872957	872962	10
chr1	873580	873585	10
chr1	876033	876038	10
chr1	878753	878758	10
chr1	881712	881717	10
chr1	890023	890028	10
chr1	891641	891646	10
chr1	896144	896149	10
chr1	897739	897744	10
chr1	899702	899707	10
chr1	902779	902784	10
chr1	904369	904374	10
chr1	911096	911101	10
chr1	912521	912526	10
chr1	913542	913547	10
chr1	914071	914076	10
chr1	918432	918437	10
chr1	925649	925654	10
chr1	930561	930566	10
chr1	931745	931750	10
chr1	934815	934820	10
chr1	935396	935401	10
chr1	937359	937364	10
chr1	941877	941882	10
chr1	944944	944949	10
chr1	945604	945609	10
chr1	948190	948195	10
chr1	952837	952842	10
chr1	962111	962116	10
chr1	965412	965417	10
chr1	97022	97027	10
chr1	972833	972838	10
chr1	974951	974956	10
chr1	990653	990658	10
chr1	998005	998010	10
